ID	Acetate	Propionate	Butyrate
Intercept	0.844465063182758	0.433599779838951	0.536528203252437
X5fb94f804715b4d90f191c413efef44e	-0.00755932709308704	0	0.0135161500153608
a8eb3e86e896febff5f3e223f84ba94b	0	0	0
dfa833b266bd2993b86feab3617b34c3	0	0	0
b6635d67cb594473ddba9f8cfba5d13d	0	0	0
X1dcd5cddd286ba7e9e4786d8d8c1d201	0	0	0
ffc36e27c82042664a16bcd4d380b286	0	-0.00121542269905175	0
d272bf25781448dde9031a24679a9012	0	0	-0.00731811718123873
X48ebe3984d06cbed00ccf035b936ad57	0	0	0
X0eebf22536faa70d10968eb4972b2736	0	0	0
X98a36346b6f54de07dc88dc9d746f58f	0	0	0
X3b8fae66a7abbaa263ab111ce4384c4e	0	0	0
X5fa91e7085571e2cbcd0e7d245975c76	0	0	0
X0b438323a296b5f2ce2c8bbe3949ee8d	0	0	0
X608f5e62b077be5515e20c7190568cf6	0	0	0
d964f7ed79965fad0e0e92378840f658	0	0	0
X26d711535837669071a59214244e02ad	0	0	0
deabfa9b86859ef2403b750939009ee3	0	0	0
fc7bca7e6ec63b7d0a2f9cd2f566a854	0	0	0
d6f6819315230e8d29170aa908269c34	0	0	-0.00720330023149182
X6bf2840673de7a07c6136b4d66f9d325	0	0	0
e1f184f23fd4768fc895db0f0739f3fe	0	0	0
X25e847d3fdcd57ed7f37169842b66d54	0	0	0
X6ea30e67bbe635644952ec53eb5ca5c5	0	0	0
d4f8d0f783cc724889c28f434833f47b	0	0	0
X7f1ba47a5fe9bbf536be6819b9ee0775	0	0	0
c625a1db96ab91c4bc591c0964ad2e53	0	0	0
X44917ba362a87c1281d77780e5f81079	0	0.000654711053793479	0
X6a4af3e3d8afcca26ca97b9181f5fc71	0	0	0
b21bbd9f9a9ee207b793d76c06672371	0	0	0
X751b9cc61b202f105e65bc5a85be6143	0	0	0
b05cb6d606346e0838a1658e7f5d81cf	0	-0.00220909500091899	0
ed5a5cac9dcdfc7b4ba9cfb56b416739	0	0	0
X97649ca025c4f3722556abb910ebde12	0	0	0
X688d5fcf10a1f7dd0c87817ed34841c8	0	0	0
e2b4d7904cc16d1b2982c5839a4caffa	0	0	0
X01ee9b2cf2da4ce04fcc4fae00a10d61	0	0	0
X4576b43e6b018f7b1f62eb9802d179f8	0	-0.00374473239991615	0
X1d7a5e7888c0040de74915748acef592	0	0	0
d4d386b7d01baf327f6b43aa568cb9e7	0	0	0
bdb392636e7dda502cd945a98970459d	0	0	0
d47c3e0c088f9573cf1fef5c3a32b048	0	0	0
X6d31fc16c44736021991f6a1b84062eb	0	0	0
X2893aeb225744a49866e347886550112	0	0	0
X42690539aa399c812b99bc18ad34b6b7	0	0	0
X70d55baf78e9ac4d0babeac5dcbae5c2	0	0	0
X80ff89a550cbfc6fc30ea25d5d3c7007	0	-0.00793276112699073	0
a08e51322ac5413f32389f362e518aef	0	0	0
a2ece058558ecb7a048d8039d6f95ca6	0	0	0
X77c25cf90fc6b99d02c4d1f242803ee8	0	0	0
e6b05a69bc7fa8dc428caa3d409c9fbb	0	0	0
X8383a9394d839568543ff7a5decb1956	0	0	0
b8687924000708365ed185954de29b2f	0	0	0
X1cc147fe2fa6654f24896c78ee5fd39b	0.000734278175035641	0	0
b62296fda4210afbee8b33ffff02a04b	0	0	0
X7c904af59c213b82d06819fcb34ac52b	0	0.00676184809893601	0
X77b9851880c51f6bd7f9f7d9eefee583	0	0	0
X2173688f3c2254db2cf905a6c350bf79	0	-0.0007284810041766	0
b6c1a8ba78f65c4a4e96627ccc53ac86	0	0	0
b8b3631368e631885bf8668ef6f72f17	0	0.0017377300329222	0
e89a2cce27fb62d4ba36d61bddd8d049	0	0	0
X631831eee09fe9fd9281110f4342c6ea	0	0	0
X160efa2a41c4cec475f79506e42374ca	0	0	0
ce7a2407ed838da5a4c2691f45431b43	0	0	0
X7a50e7bcbe0c7c0e42cd3f6eae3fbabd	0	0	0
X0d602affa45bcd64e9e95acada2e7249	0	0	0
X6653c92dc7618280b132aeae2a9291cc	0	0	0
X20eb9e532d72684b2bb01c583dde04da	0	0	0
a433e3e99f31f24d34bcf65f527b4c24	0	0	0
X321eb718bc08a25da457f5e29a2651f1	0	0	0
X7b14ce10223ee4f93b899c014bbf12b6	0	0	0
f24fb97f9535ab02ce6f7913c70cc0ee	0	0	0
X0f3d5ab93a1bdff74c4c3fbe0ad3206b	0	0	0
e078fa1b78f10c6c4094591739fd1287	0	0	0
X7d8367f922b1c21533803c8db5915f81	0	0	0
X49da2429319bb8bab3d9139319699d74	0	0	0
X8f1226eac06013c7f2b4f31f50ae353f	0	0	0
X51f7c8ee44363f94d016d6907b20aced	0	0	0
X2fb8355fa399030a621f5fa7072ce3e5	0	0	0
X8998828807c798f8468a85e42c5fed6c	0	-0.00798047540525442	0
X6c31248aab400bbb31133caffa277913	0	0	0
e9b2dd709e597470d2d8ded16c2bad44	0	0	0
X038c4d6fecc4e542d03f8e35038947bb	0	0	0
X8dd0df81528996515e782ee88f3ba77e	0	0	0
X19d1ac8febd7ed7dcecb8d12eb4954c1	0	0	0
c63a78d9ac2b192bb51009ba523dcc28	0	0	0
fd3f0ad2379a32c7bf86a3133e5b1879	0	0	0
d0a152210e2ca09c67ee88a1b3a26ab3	0	0	0
X2c5cb5d13741bf41f17cd7cc6320c2a9	0	0	0
X2459dfd1bc9cad6486f97314e0070bee	0	0	0
X277fdf63cae1ed08041a21be01b91953	0	0	0
dba42fd5fa555c066ec22372dd68225c	0	0	0
eb654aaab42daad2766ba2942283f325	0	0	0
ab44862dfbb39d25dd3f5f93a63244c7	0	6.06369385157358e-05	0
ff651bd7b0bf6148e158f353fc40b47d	0	0	0
ddcea66136110ba9eb05e9310ca7cffc	0	0	0
e3a1ce78be71c193d48a59ac3788a6fc	0	0	0
X3af1ce1958d93626781ddb08138c1555	0	0	0
X5fc798b1df3bcda5e68c5d88d8d39402	0	0	0
a6ec8ace9ba7d81d66cdb368ea2981b7	0	0	0
X38ed7202efb87e3468f28422c76f6a86	0	0	0
X64aa261a048970fe08088f8814b187bb	0	0	0
d585fd2188706c6e80793a7b50b3a779	0	0	0
X57a2780152d4c79535f9c71d21c87db8	0	0	0
X0fb2db1ddef94c9151ddad4b89516c19	0	0	0
X2285f58785ae6a5924a595d2ceae9fc0	0	0	0
X16c6f384c3a28228f7b68b1154c7feec	0	0	0
X73eef74992ee2eefd6690e4a5f1922fe	0	0	0
X352e01b25b13ceaef79c9b32cf7962eb	0	-6.3298610540473e-05	0
X888d90168e577f4d452c768943100da0	0	0	0
X00018d3f623ee7401f834d27ba565897	0	0	0
d5f054df843833cf00325882a9d6f8a8	0	0	0
X68fa6eb93675602681b474cb0ce9048b	0	0	0
X011755eb178e98e08caf70b914473557	0	0	0
X18489763aab9f6f1249bfc894a645753	0	0	0
X6a9d6559ba123b93f75f363fab20236d	0	0	0
X4babf2f17964b4cde17c9c383caa01db	0	0	0
X952c1fdc4c8295d4742b25f65e8c514a	0	0	0
X44bd1efc8d03b8e1153d643564b15e9c	0	0	0
X1f78872e14ef66392dbb931869c134ad	0	0	0
X5869a42e31899d7780629f0716109cf5	0	0	0
X85ed3d8c30f1cf7ad10a011d18724cab	0	0	0
X4512e5f45acd0fab3d94c189efc5aa80	0	0	0
b70dffc5967c93c276f64127256e85c5	0	0.0040935210958161	0
X6e019166f485dbd32194a2d44edc4df1	0	0	0
X0c7d74a2f6c3b5fedafe62a8192bbf5d	0	0	0
X4b0ae96ba7d2990898244875daeb029c	0	0	0
edfcb60e572f0c18b39b7b4289544c9b	0	0	0
e41375bd06424fdf1659448e6416bfd2	0	0	0
f448b68d3f43ee04b9c47209ae186801	0	0	0
X1e4a25e88c4c547b41d40a6f630c3896	0	0	0
c98a88d7223d51f3036702ae226208e4	0	0	0
X48c9e882b29135c86dbd16bc9e6946a5	0	0	0
X3e30d599c689f3356023ab445fe36eb0	0	0	0
X973360718cfb0d1806d43527cb25adb3	0	0	0
f726379eeeb8668dfff42635ad0bdb7a	0	0	0
X1499e5ab221fb759ce2d3763ac56b759	0	0	0
X68f8f7604872a6d4fed9b2b43064aee4	0	0	0
X02ec4fe076ee71a55f438dc91ac645ba	0	0	0
X6d26cf14a267d2be14f2c5c6524e3f84	0	0.00773145065053319	-0.0039882515922101
c1ed9ef4fcc459687603cc299ad66f57	0	0	0
X7f6014bee7c27dce9aa46dbe30ee4351	0	0	0
X8a277b2ad67397ceaedcaba78c4d5027	0	0	0
a6ecce04b6770ba62df9347a9855f8dd	0	0	0
c3675c413e2dbf5caa9a94f7cd6a159e	0	0	0
X7e277ef80cf288fd50b26bd8871b3092	0	0	0
X1bcc8306e8924428b96b4731de22e4cc	0	0	0
X370745f4994532cbc8f85559ac466cd5	0	0	0
d90922cc7844f31fa7696d1458a4794c	0	0	0
e94a9da4bdf2d1d6fd8b6216ea53a5ab	0	0	0
X6cb3f6fd935a831537c9052b9a4284e2	0	0	0
X10fae19aa3418fc0992d9de8bf94e333	0	0	0
X7ca8e4ee1186c7392d160a7dc543b6de	0	0	0
X8ae299fe8aa39820660e7e6746ff1aae	0	0	0
X0ffc4894e1570b7187e79b03a78ae1cd	0	0	0
b48c76732b087f4f5b146b1661a8573a	0	-0.000483671437528221	0
X34c3372c058498c0ec73ae72784d428e	0	0	0
X81b3925347c6126f2dfaa1c52749e211	0	0	0
X5e17a5cb4962111829d5a3162b84253a	0	0	0
f858bcb19c610e0187ebd60bda2d7c84	0	0	0
X8431ce797c88c8ae073512bf2145e2ae	0	0	0
X6166cd8b69d6af6ba6e209d4d4f839eb	0	0	0
X1996e1aa486e155bae39e6865a49c191	0	0	0
X1c1c2dd95299d9f9c2d969551673bae8	0	0	0
d07b120531197f27f8c20e2ebb8d005a	0	0	0
cd33d521d1dfcb297336e993ca998d2d	0	0	0
add246b9bb5662fb5fbb2c904b28e498	0	0	0
a3d914eee33ac12fe15876d6f09c9328	0	0	0
X98fcc7e4135d41152d2db711de5c1255	0	0	0
fefb57d04624848dfd13aa263d6f5ae8	0	0	0
X50be19a8d2830242681ea095a3b01b5a	0	0	0
X9e499b818284bc88da1591330270d59d	0	0	0
X35a3793bfe7609c7fc9f902a17aaf85f	0	0	0
b188813582773f82d79086299f4bca74	0	0	0
X5e59e92b5203cf88b45515feb4dd90a1	0	0	0
X2d257553a6e4a29d1049474d2805c1fb	0	0	0
X81b833a98dc3d0f078d71eaafc318fcf	0	0	0
fe119f8087ac2c3ec65a74b29d92c2a5	0	0	0
ed0caed4fee2ef93d033a514178f59cc	0	0	0
e969581e4d24359edcd202f75027c3f4	0	0.00122016378089743	0
X0620c11756668d801514b15f84f05d11	0	-0.000237901430001291	0
d71424d0d0999b7c84da14d12c19acb4	0	0	0
X8ae3caba9b8bffe6cd0720d0bf0861b7	0	0	0
X4df9049f0cca0976b2a83149f5f95794	0	0	0
a7a3757df1cc2c6c776b071cc2bb45e3	0	0	0
X340ce4c77b7841ce9ae4977c2246bc80	0	-0.000427976560320875	0
X78e755f22b31aebfc49ec971c9e25f82	0	0	0
X03c9767edaac5ecee0a0bb25c0fbda6d	0	0	0
c609112600e70607ec1b47e2d3f55d0d	0	0	0
ca06ea8967343a08d53bfdacace57d59	0	0	0
X10cffeae66880b9c81b6248f39f17562	0	0	0
cc76ac06bf7e47ed0b068514190bce11	0	0	0
X555a644bf2e739eed0e29b1eb3421041	0	0	0
X6590a101702d21bb587c722ba926ebcb	0	0	0
X6ec37daa396eb7394e7958cbaebe668b	0	0	0
e6d0647a222b16af885e120a1cdee720	0	0	0
bf62a4ab99a8241d5a7c8a5b395c9bb0	0	0	0
X42696f95325fa76e0740722f8e3b1451	0	0	0
ddea656110eae376df10d8c08caa96b4	0	0	0
X9a9f34bd312afabc037651632ab4294c	0	0	0
X633986f25dacddd71be7f93667c0698e	0	0	0
X850fc8381d6fc19a74e163682a3c65f4	0	0	0
X1fa512a2114c50c1735e8e2f4bddf324	0	0	0
X3422b9ae8482a9d14c0c6fdca9b608ab	0	0	0
c4fb58da9aff3c83c971c488ebd3cb70	0	0	-0.00109428143741256
X1dc8d7e787545815a765da6658413c4b	0	0	0
X6f196f110f8f466aab948250105bedd7	0	0	0
X5dbfdeeb8f5dcb5f436b677ec58cf6c1	0	0	0
cbcac742ee0fe0fc0887caec139df345	0	0	0
X4d6fe682a4dd9aad8decfab830a193e0	0	0	0
X1566b49df810d63ddf162b4575064fc3	0	0	0
eb92eb7bb210bddd42e9f5c07aabbee6	0	0	0
X63afd5222bbcd2d49e083f44f9da3aba	0	0	0
X3739d5abc65ca835462495590db61101	0	0	0
X5c33db7c460ec1200192e97fda0dbb2e	0	0	0
X1fa863f25bafc670ddb3b8614abe5c40	0	0	0
X2bd2f1b380bc3255d4532f30690431bf	0	0	0
X4e5af7886038ba2b47abf8de12d6230f	0	0	0
f8979ad900c481a0033da95b853cd0d0	0	0	0
X3840e7e410998cdcd2ed4745887adb3e	0	0	0
f4b946aa0c512befbc9abcc303de0c8c	0	0	0
X8e9e6e5f622f9a4a5196e7eea6fa6d7a	0	0	0
d4c58a1105a83c21c27a7340275eadd6	0	0	0
X2ca609054dd41ad965bd8079cea05c34	0	0	0
X92414ce3f4f74f2c64e9b702bcf5c85e	0	0	0
fb6e8c5a5b5e9b874ff68daca58f277e	0	0	0
c0ec79afbed6d993658a2b074a8a8d65	0	0	0
c052a9548dafdb7e60155e80657eceeb	0	-0.000118947829142307	0
e53a694ac04f13e2e9458e164e257b60	0	0	0
X151e42d762610156c1ecec31f8acfa87	0	-0.00476798644061873	0
X0c0871c94d8b2409dfc26d07708828b2	0	0	0
X67adfb49b9ae95af2982870204819dcc	0	0	0
fdd49980423ff30cc8229384110a1a7c	0	0	0
X27d38f0853ae159af7c6bace09121e6b	0	0	-0.00302656568150746
f7990654fa7abb462cd37f1c83301ba6	0	0	0
X0d01f24be6cdfbbb45d8256152c35c2b	0	0	0
c76f665700ef7f180098d2f07e135253	0	-0.00105896654349757	0
X098f920686dd4bb8c5042a63073df030	0	0	0
X9fd961bdeaeee0f87181f0ff9492f9fd	0	0	0
X7ab0f5fd995b7d157e375b1520f8c635	0	0	0
e64adc3e5db5e317355902efa6e1a28e	0	-4.93111333454428e-05	0
d444299a7ea24085bdd02250623fa3de	0	0	0
X21a1e0c27c5db9fe1d5d9cc3a7a044ea	0	0	0
dc5f9e3b409d2809f0824ef0715662e0	0	0	0
a4cd6152db4ba6371bd3d35fcda62a19	0	0	0
X143d26e50f457d01671a14213d117218	0	0	0
X2112ca13e211d66d4f2b368813444156	0	0	0
X1f987dce8ea86f9c23c9d4dff70e0b56	0	0	0
X0093e6247d24ff45d65284a97345ea3a	0	0.00016302762928545	0
X9fb94b5a09e242af02db7ca655b6a2f1	0	0	0
c387dcee601c9f730df83a898ba3b84b	0	0	0
b87dd0783335f6e0ea5653221c8188fa	0	0	0
X57d8c8ac70f612b258ef01a0897e5553	0	0	-0.0099008591087946
X14bbdef7888394af48a13ea2bd927db7	0	0	0
X0b5652fbee971aa6ccc6687bb516cecb	0	0	0
a4626d27ed93c019b233b47e8169eeb2	0	0	0
e2a00f06cb177497054c88d72d9cb839	0	0	0
